i = 0: x = 1.59209, f(x) = 0.00318205, eps = 0.0190154, df(x) = -0.309525
i = 1: x = 1.62069, f(x) = 0.000134267, eps = 0.00356832, df(x) = -0.127139
i = 2: x = 1.62224, f(x) = 3.37384e-08, eps = 1.72269e-05, df(x) = -0.087227
i = 3: x = 1.62224, f(x) = -7.10543e-15, eps = 7.6672e-12, df(x) = -0.0852591
